colume1 S , colume 2 Phi, colume3 count
110 8.32213e-08 180 26
120 -0.314098 1.8 52
130 -0.627887 3.6 38
140 -0.941055 5.4 35
150 -1.2533 7.2 36
160 -1.5643 9 31
170 -1.87376 10.8 41
180 -2.18137 12.6 55
190 -2.48683 14.4 40
200 -2.78983 16.2 48
310 8.32213e-08 18 30
320 -0.314098 19.8 42
330 -0.627887 21.6 29
340 -0.941055 23.4 47
350 -1.2533 25.2 40
360 -1.5643 27 35
370 -1.87376 28.8 40
380 -2.18137 30.6 56
390 -2.48683 32.4 38
400 -2.78983 34.2 46
510 8.32213e-08 36 45
520 -0.314098 37.8 61
530 -0.627887 39.6 38
540 -0.941055 41.4 45
550 -1.2533 43.2 44
560 -1.5643 45 27
570 -1.87376 46.8 46
580 -2.18137 48.6 36
590 -2.48683 50.4 44
600 -2.78983 52.2 41
710 8.32213e-08 54 28
720 -0.314098 55.8 41
730 -0.627887 57.6 33
740 -0.941055 59.4 40
750 -1.2533 61.2 45
760 -1.5643 63 46
770 -1.87376 64.8 45
780 -2.18137 66.6 53
790 -2.48683 68.4 38
800 -2.78983 70.2 37
910 8.32213e-08 72 26
920 -0.314098 73.8 51
930 -0.627887 75.6 31
940 -0.941055 77.4 37
950 -1.2533 79.2 37
960 -1.5643 81 44
970 -1.87376 82.8 41
980 -2.18137 84.6 35
990 -2.48683 86.4 44
1000 -2.78983 88.2 44
1110 8.32213e-08 90 26
1120 -0.314098 91.8 34
1130 -0.627887 93.6 48
1140 -0.941055 95.4 60
1150 -1.2533 97.2 33
1160 -1.5643 99 48
1170 -1.87376 100.8 38
1180 -2.18137 102.6 48
1190 -2.48683 104.4 36
1200 -2.78983 106.2 47
1310 8.32213e-08 108 30
1320 -0.314098 109.8 42
1330 -0.627887 111.6 34
1340 -0.941055 113.4 31
1350 -1.2533 115.2 35
1360 -1.5643 117 40
1370 -1.87376 118.8 40
1380 -2.18137 120.6 32
1390 -2.48683 122.4 47
1400 -2.78983 124.2 34
1510 8.32213e-08 126 32
1520 -0.314098 127.8 33
1530 -0.627887 129.6 36
1540 -0.941055 131.4 33
1550 -1.2533 133.2 43
1560 -1.5643 135 34
1570 -1.87376 136.8 38
1580 -2.18137 138.6 47
1590 -2.48683 140.4 39
1600 -2.78983 142.2 45
1710 8.32213e-08 144 29
1720 -0.314098 145.8 35
1730 -0.627887 147.6 36
1740 -0.941055 149.4 34
1750 -1.2533 151.2 35
1760 -1.5643 153 44
1770 -1.87376 154.8 41
1780 -2.18137 156.6 47
1790 -2.48683 158.4 47
1800 -2.78983 160.2 39
1910 8.32213e-08 162 35
1920 -0.314098 163.8 43
1930 -0.627887 165.6 42
1940 -0.941055 167.4 37
1950 -1.2533 169.2 35
1960 -1.5643 171 41
1970 -1.87376 172.8 40
1980 -2.18137 174.6 33
1990 -2.48683 176.4 40
2000 -2.78983 178.2 43
2110 8.32213e-08 180 43
2120 -0.314098 178.2 37
2130 -0.627887 176.4 32
2140 -0.941055 174.6 43
2150 -1.2533 172.8 39
2160 -1.5643 171 39
2170 -1.87376 169.2 41
2180 -2.18137 167.4 48
2190 -2.48683 165.6 40
2200 -2.78983 163.8 41
2310 8.32213e-08 162 24
2320 -0.314098 160.2 36
2330 -0.627887 158.4 52
2340 -0.941055 156.6 47
2350 -1.2533 154.8 56
2360 -1.5643 153 50
2370 -1.87376 151.2 46
2380 -2.18137 149.4 28
2390 -2.48683 147.6 34
2400 -2.78983 145.8 38
2510 8.32213e-08 144 39
2520 -0.314098 142.2 40
2530 -0.627887 140.4 37
2540 -0.941055 138.6 35
2550 -1.2533 136.8 52
2560 -1.5643 135 29
2570 -1.87376 133.2 37
2580 -2.18137 131.4 43
2590 -2.48683 129.6 46
2600 -2.78983 127.8 37
2710 8.32213e-08 126 30
2720 -0.314098 124.2 38
2730 -0.627887 122.4 34
2740 -0.941055 120.6 45
2750 -1.2533 118.8 36
2760 -1.5643 117 44
2770 -1.87376 115.2 38
2780 -2.18137 113.4 41
2790 -2.48683 111.6 42
2800 -2.78983 109.8 44
2910 8.32213e-08 108 33
2920 -0.314098 106.2 39
2930 -0.627887 104.4 37
2940 -0.941055 102.6 34
2950 -1.2533 100.8 39
2960 -1.5643 99 44
2970 -1.87376 97.2 39
2980 -2.18137 95.4 39
2990 -2.48683 93.6 34
3000 -2.78983 91.8 52
3110 8.32213e-08 90 35
3120 -0.314098 88.2 53
3130 -0.627887 86.4 36
3140 -0.941055 84.6 47
3150 -1.2533 82.8 31
3160 -1.5643 81 48
3170 -1.87376 79.2 43
3180 -2.18137 77.4 35
3190 -2.48683 75.6 33
3200 -2.78983 73.8 43
3310 8.32213e-08 72 21
3320 -0.314098 70.2 36
3330 -0.627887 68.4 52
3340 -0.941055 66.6 39
3350 -1.2533 64.8 38
3360 -1.5643 63 50
3370 -1.87376 61.2 34
3380 -2.18137 59.4 38
3390 -2.48683 57.6 39
3400 -2.78983 55.8 36
3510 8.32213e-08 54 32
3520 -0.314098 52.2 35
3530 -0.627887 50.4 47
3540 -0.941055 48.6 42
3550 -1.2533 46.8 45
3560 -1.5643 45 40
3570 -1.87376 43.2 44
3580 -2.18137 41.4 51
3590 -2.48683 39.6 39
3600 -2.78983 37.8 30
3710 8.32213e-08 36 24
3720 -0.314098 34.2 40
3730 -0.627887 32.4 37
3740 -0.941055 30.6 37
3750 -1.2533 28.8 40
3760 -1.5643 27 53
3770 -1.87376 25.2 50
3780 -2.18137 23.4 46
3790 -2.48683 21.6 38
3800 -2.78983 19.8 42
3910 8.32213e-08 18 40
3920 -0.314098 16.2 39
3930 -0.627887 14.4 39
3940 -0.941055 12.6 35
3950 -1.2533 10.8 50
3960 -1.5643 9 49
